
["Land_Dome_01_small_green_ruins_F", [2428.33, 13368.8, 20.7394], [0.603419, -0.797424, 0], [0, 0, 1], true],
["Land_DomeDebris_01_hex_green_F", [2419.06, 13351.2, 13.3003], [0, 0.998284, 0.0585643], [0.00532655, -0.0585635, 0.998269], true],
["Land_DomeDebris_01_struts_small_green_F", [2423.15, 13374.6, 14.9717], [0, 0.935342, -0.353744], [-0.944414, 0.116297, 0.307502], true],
["Land_DomeDebris_01_hex_damaged_green_F", [2424.31, 13362.4, 14.0344], [0, 0.999772, -0.02133], [0.106065, 0.0212097, 0.994133], true],
["Land_Research_HQ_ruins_F", [2426.69, 13367.8, 15.7604], [0, 1, 0], [0, 0, 1], true],
["Land_Mil_WallBig_4m_damaged_right_F", [2350.99, 13325.2, 15.0955], [0.72767, 0.685928, 0], [0, 0, 1], true],
["Land_Mil_WallBig_corner_battered_F", [2349.25, 13327.4, 15.1097], [0.734262, 0.678867, 0], [0, 0, 1], true],
["Land_Mil_WallBig_corner_battered_F", [2349.76, 13329.1, 15.1146], [-0.754481, -0.656322, 0], [0, 0, 1], true],
["Land_Mil_WallBig_4m_damaged_center_F", [2353.62, 13322.2, 13.9279], [0.766129, 0.642686, 0], [0, 0, 1], true],
["Land_Bunker_01_small_F", [2372.91, 13298.4, 13.9849], [0.788985, 0.614412, 0], [0, 0, 1], true],
["Land_Mil_WallBig_Gate_F", [2378.08, 13291.7, 13.9009], [0.779549, 0.626341, 0], [0, 0, 1], true],
["Land_Bunker_01_blocks_3_F", [2369.67, 13303.8, 14.3648], [0.767784, 0.640709, 0], [0, 0, 1], true],
["Land_Mil_WallBig_4m_battered_F", [2366.64, 13307.1, 14.8912], [0.751463, 0.659775, 0], [0, 0, 1], true],
["Land_Mil_WallBig_4m_battered_F", [2363.98, 13310.1, 14.9109], [0.751463, 0.659775, 0], [0, 0, 1], true],
["Land_Mil_WallBig_4m_battered_F", [2361.35, 13313.1, 14.9399], [0.751463, 0.659775, 0], [0, 0, 1], true],
["Land_Mil_WallBig_4m_battered_F", [2358.73, 13316.1, 14.9896], [0.751463, 0.659775, 0], [0, 0, 1], true],
["Land_Mil_WallBig_4m_damaged_left_F", [2356.05, 13319.3, 15.0284], [0.791402, 0.611297, 0], [0, 0, 1], true],
["Land_Barricade_01_10m_F", [2355.14, 13322.7, 13.3715], [0.80363, 0.595129, 0], [0, 0, 1], true],
["Land_Bunker_01_tall_F", [2348.88, 13333.7, 17.6206], [0.972059, -0.234735, 0], [0, 0, 1], true],
["Land_Mil_WallBig_4m_battered_F", [2354.91, 13341.2, 15.1499], [0.600282, -0.799788, 0], [0, 0, 1], true],
["Land_Mil_WallBig_4m_battered_F", [2358.09, 13343.7, 15.1499], [0.600282, -0.799788, 0], [0, 0, 1], true],
["Land_Mil_WallBig_4m_battered_F", [2361.3, 13346.1, 15.1499], [0.600282, -0.799788, 0], [0, 0, 1], true],
["Land_Mil_WallBig_4m_battered_F", [2364.49, 13348.5, 15.1499], [0.600282, -0.799788, 0], [0, 0, 1], true],
["Land_Mil_WallBig_4m_battered_F", [2367.67, 13350.9, 15.1499], [0.600282, -0.799788, 0], [0, 0, 1], true],
["Land_Mil_WallBig_4m_battered_F", [2370.88, 13353.3, 15.1499], [0.600282, -0.799788, 0], [0, 0, 1], true],
["Land_Mil_WallBig_4m_battered_F", [2374.17, 13355.8, 15.1499], [0.600282, -0.799788, 0], [0, 0, 1], true],
["Land_Mil_WallBig_4m_battered_F", [2377.35, 13358.2, 15.1499], [0.600282, -0.799788, 0], [0, 0, 1], true],
["Land_Mil_WallBig_4m_battered_F", [2380.56, 13360.6, 15.1499], [0.600282, -0.799788, 0], [0, 0, 1], true],
["Land_Mil_WallBig_4m_battered_F", [2383.79, 13363, 15.1499], [0.600282, -0.799788, 0], [0, 0, 1], true],
["Land_Mil_WallBig_4m_battered_F", [2386.97, 13365.4, 15.1781], [0.600282, -0.799788, 0], [0, 0, 1], true],
["Land_Mil_WallBig_4m_battered_F", [2390.18, 13367.8, 15.315], [0.600282, -0.799788, 0], [0, 0, 1], true],
["Land_Mil_WallBig_4m_battered_F", [2393.25, 13370.2, 15.3826], [0.600282, -0.799788, 0], [0, 0, 1], true],
["Land_Mil_WallBig_4m_battered_F", [2396.46, 13372.6, 15.1886], [0.600282, -0.799788, 0], [0, 0, 1], true],
["Land_Mil_WallBig_4m_battered_F", [2399.75, 13375, 15.308], [0.600282, -0.799788, 0], [0, 0, 1], true],
["Land_Mil_WallBig_4m_battered_F", [2402.93, 13377.4, 15.4094], [0.600282, -0.799788, 0], [0, 0, 1], true],
["Land_Mil_WallBig_4m_battered_F", [2406.14, 13379.8, 15.3843], [0.600282, -0.799788, 0], [0, 0, 1], true],
["Land_Mil_WallBig_4m_battered_F", [2409.36, 13382.2, 15.3591], [0.600282, -0.799788, 0], [0, 0, 1], true],
["Land_Mil_WallBig_4m_battered_F", [2412.54, 13384.6, 15.2837], [0.600282, -0.799788, 0], [0, 0, 1], true],
["Land_Mil_WallBig_4m_battered_F", [2415.75, 13387, 15.2448], [0.600282, -0.799788, 0], [0, 0, 1], true],
["Land_Mil_WallBig_4m_battered_F", [2418.91, 13389.3, 15.1747], [0.600282, -0.799788, 0], [0, 0, 1], true],
["Land_Mil_WallBig_4m_battered_F", [2422.12, 13391.7, 15.1586], [0.600282, -0.799788, 0], [0, 0, 1], true],
["Land_Mil_WallBig_4m_battered_F", [2425.41, 13394.2, 15.177], [0.600282, -0.799788, 0], [0, 0, 1], true],
["Land_Mil_WallBig_4m_battered_F", [2428.59, 13396.6, 15.2426], [0.600282, -0.799788, 0], [0, 0, 1], true],
["Land_Mil_WallBig_4m_battered_F", [2431.8, 13399, 15.2027], [0.600282, -0.799788, 0], [0, 0, 1], true],
["Land_Mil_WallBig_4m_battered_F", [2435.02, 13401.4, 15.2048], [0.600282, -0.799788, 0], [0, 0, 1], true],
["Land_Mil_WallBig_4m_battered_F", [2438.2, 13403.8, 15.1499], [0.600282, -0.799788, 0], [0, 0, 1], true],
["Land_Mil_WallBig_4m_battered_F", [2441.41, 13406.2, 15.1556], [0.600282, -0.799788, 0], [0, 0, 1], true],
["Land_Mil_WallBig_4m_battered_F", [2444.62, 13408.6, 15.1499], [0.600282, -0.799788, 0], [0, 0, 1], true],
["Land_Mil_WallBig_4m_battered_F", [2447.77, 13410.9, 15.1499], [0.600282, -0.799788, 0], [0, 0, 1], true],
["Land_Mil_WallBig_4m_battered_F", [2450.98, 13413.3, 15.1499], [0.600282, -0.799788, 0], [0, 0, 1], true],
["Land_Mil_WallBig_4m_battered_F", [2454.28, 13415.7, 15.1499], [0.600282, -0.799788, 0], [0, 0, 1], true],
["Land_Mil_WallBig_4m_battered_F", [2457.45, 13418.1, 15.1499], [0.600282, -0.799788, 0], [0, 0, 1], true],
["Land_Mil_WallBig_4m_battered_F", [2460.66, 13420.5, 15.1499], [0.600282, -0.799788, 0], [0, 0, 1], true],
["Land_Mil_WallBig_4m_battered_F", [2463.89, 13422.9, 15.1499], [0.600282, -0.799788, 0], [0, 0, 1], true],
["Land_Mil_WallBig_4m_battered_F", [2467.07, 13425.3, 15.1499], [0.600282, -0.799788, 0], [0, 0, 1], true],
["Land_Mil_WallBig_4m_battered_F", [2470.28, 13427.7, 15.1499], [0.600282, -0.799788, 0], [0, 0, 1], true],
["Land_Mil_WallBig_4m_battered_F", [2383.58, 13289.4, 14.8027], [0.10135, -0.994851, 0], [0, 0, 1], true],
["Land_Mil_WallBig_4m_battered_F", [2387.48, 13289.7, 14.8025], [0.10135, -0.994851, 0], [0, 0, 1], true],
["Land_Mil_WallBig_4m_battered_F", [2391.46, 13290.1, 14.7935], [0.10135, -0.994851, 0], [0, 0, 1], true],
["Land_Mil_WallBig_4m_battered_F", [2395.53, 13290.5, 14.7695], [0.10135, -0.994851, 0], [0, 0, 1], true],
["Land_Mil_WallBig_4m_battered_F", [2399.51, 13290.9, 14.7414], [0.10135, -0.994851, 0], [0, 0, 1], true],
["Land_Mil_WallBig_4m_battered_F", [2403.49, 13291.3, 14.7749], [0.10135, -0.994851, 0], [0, 0, 1], true],
["Land_Mil_WallBig_4m_battered_F", [2407.49, 13291.7, 14.7093], [0.10135, -0.994851, 0], [0, 0, 1], true],
["Land_Mil_WallBig_4m_battered_F", [2411.46, 13292.1, 14.6851], [0.10135, -0.994851, 0], [0, 0, 1], true],
["Land_Mil_WallBig_4m_battered_F", [2415.44, 13292.5, 14.6462], [0.10135, -0.994851, 0], [0, 0, 1], true],
["Land_Mil_WallBig_4m_battered_F", [2450.79, 13299.6, 14.5117], [0.339633, -0.940558, 0], [0, 0, 1], true],
["Land_Mil_WallBig_4m_battered_F", [2465.48, 13305.8, 15.1524], [-0.341358, 0.939933, 0], [0, 0, 1], true],
["Land_Mil_WallBig_4m_battered_F", [2491.12, 13316.6, 15.6584], [-0.348688, 0.937239, 0], [0, 0, 1], true],
["Land_Mil_WallBig_4m_battered_F", [2487.39, 13315.2, 15.1652], [-0.348688, 0.937239, 0], [0, 0, 1], true],
["Land_Mil_WallBig_4m_battered_F", [2483.63, 13313.8, 14.7749], [-0.348688, 0.937239, 0], [0, 0, 1], true],
["Land_Mil_WallBig_4m_battered_F", [2479.86, 13312.5, 14.6468], [-0.348688, 0.937239, 0], [0, 0, 1], true],
["Land_Mil_WallBig_4m_damaged_center_F", [2458.02, 13302.9, 13.7453], [-0.377051, 0.926193, 0], [0, 0, 1], true],
["Land_Mil_WallBig_4m_damaged_left_F", [2461.54, 13304.3, 15.0344], [-0.339427, 0.940632, 0], [0, 0, 1], true],
["Land_Mil_WallBig_4m_damaged_right_F", [2454.35, 13301.3, 14.8401], [-0.429996, 0.902831, 0], [0, 0, 1], true],
["Land_Cargo_Tower_V3_derelict_F", [2456.4, 13302.4, 19.3783], [-0.362055, 0.932157, 0], [0, 0, 1], true],
["Land_CncWall4_F", [2424.63, 13289.7, 14.7527], [0.992496, 0.12228, 0], [0, 0, 1], true],
["Land_CncWall1_F", [2424.23, 13292.9, 14.6785], [0.989611, 0.14377, 0], [0, 0, 1], true],
["Land_CncWall1_F", [2424.08, 13294.1, 14.6892], [0.993786, 0.11131, 0], [0, 0, 1], true],
["Land_CncWall1_F", [2431.68, 13295.4, 14.6577], [-0.994687, -0.102948, 0], [0, 0, 1], true],
["Land_CncWall1_F", [2431.78, 13294, 14.6599], [-0.994687, -0.102948, 0], [0, 0, 1], true],
["Land_CncWall4_F", [2432.11, 13290.8, 14.7462], [-0.99523, -0.0975523, 0], [0, 0, 1], true],
["Land_CncWall4_F", [2443.06, 13291.6, 14.6823], [0.943802, 0.330511, 0], [0, 0, 1], true],
["Land_CncWall1_F", [2441.98, 13294.7, 14.4271], [0.936414, 0.350896, 0], [0, 0, 1], true],
["Land_CncWall1_F", [2441.58, 13295.9, 14.3908], [0.947395, 0.320066, 0], [0, 0, 1], true],
["Land_CncWall1_F", [2448.49, 13298.4, 14.5569], [-0.942544, -0.334081, 0], [0, 0, 1], true],
["Land_CncWall1_F", [2448.9, 13297.1, 14.6491], [-0.942544, -0.334081, 0], [0, 0, 1], true],
["Land_CncWall4_F", [2449.98, 13294, 14.7033], [-0.944342, -0.328966, 0], [0, 0, 1], true],
["Land_CncWall4_F", [2473.32, 13303.7, 15.5666], [0.896389, 0.443269, 0], [0, 0, 1], true],
["Land_CncWall1_F", [2471.87, 13306.6, 15.3191], [0.886567, 0.462599, 0], [0, 0, 1], true],
["Land_CncWall1_F", [2471.33, 13307.7, 15.1825], [0.90123, 0.433341, 0], [0, 0, 1], true],
["Land_CncWall1_F", [2478.41, 13309.8, 15.2223], [-0.894705, -0.446658, 0], [0, 0, 1], true],
["Land_CncWall4_F", [2479.88, 13306.9, 15.6843], [-0.897113, -0.441801, 0], [0, 0, 1], true],
["Land_CncWall1_F", [2477.88, 13311, 14.9975], [-0.894705, -0.446658, 0], [0, 0, 1], true],
["Land_Dome_01_big_green_ruins_v2_F", [2474.62, 13394.6, 24.1935], [-0.494585, -0.869129, 0], [0, 0, 1], true],
["Land_TreeBin_F", [2473.02, 13385, 14.1354], [0, 0.999304, -0.0373063], [0.170787, 0.0367582, 0.984622], true],
["Land_TreeBin_F", [2461.04, 13380.3, 14.634], [0, 0.999968, 0.00800059], [-0.00265204, -0.00800056, 0.999964], true],
["Land_Cargo_House_V2_F", [2485.06, 13380.8, 13.9754], [0.808717, -0.588198, 0], [0, 0, 1], true],
["Land_Cargo_House_V2_F", [2490.07, 13391.3, 13.7104], [0.999728, -0.0233243, 0], [0, 0, 1], true],
["Land_Cargo_HQ_V2_F", [2468.77, 13405, 17.322], [-0.106901, -0.99427, 0], [0, 0, 1], true],
["Land_Cargo_House_V3_derelict_F", [2457.66, 13393.2, 14.5044], [-0.953509, 0.301366, 0], [0, 0, 1], true],
["Land_Dome_01_small_green_ruins_F", [2376.45, 13329.8, 20.4255], [0.994931, -0.100563, 0], [0, 0, 1], true],
["Land_Dome_01_small_green_ruins_F", [2486.46, 13336.6, 20.6204], [0.994931, -0.100563, 0], [0, 0, 1], true],
["Land_DomeDebris_01_hex_green_F", [2492.23, 13406.9, 12.8987], [0.356462, 0.93431, 0], [0, 0, 1], true],
["Land_DomeDebris_01_hex_green_F", [2449.23, 13379.7, 13.7268], [0, 0.999986, -0.00533768], [-0.031983, 0.00533495, 0.999474], true],
["Land_DomeDebris_01_hex_green_F", [2454.54, 13369.7, 13.6646], [-0.137514, -0.989895, -0.034611], [-0.0213272, -0.0319757, 0.999261], true],
["Land_DomeDebris_01_hex_damaged_green_F", [2486.13, 13401.8, 13.0217], [0, 1, 0], [0, 0, 1], true],
["Land_Barricade_01_4m_F", [2430.31, 13296.2, 12.9093], [0, 1, 0], [0, 0, 1], true],
["Land_Barricade_01_4m_F", [2426.52, 13294.5, 12.92], [0.0562946, -0.998414, 0], [0, 0, 1], true],
["Land_SandbagBarricade_01_hole_F", [2476.62, 13310.7, 14.6047], [-0.457406, 0.889258, 0], [0, 0, 1], true],
["Land_SandbagBarricade_01_F", [2474.54, 13309.8, 14.5939], [0.360621, -0.932712, 0], [0, 0, 1], true],
["Land_SandbagBarricade_01_half_F", [2472.41, 13309, 14.0053], [0.347341, -0.937739, 0], [0, 0, 1], true],
["BloodPool_01_Large_Old_F", [2478.22, 13306.3, 13.9645], [0, 0.991228, -0.132164], [-0.0638688, 0.131894, 0.989204], true],
["BloodPool_01_Large_Old_F", [2476.97, 13307.9, 13.6594], [0, 0.991228, -0.132164], [-0.0638688, 0.131894, 0.989204], true],
["BloodPool_01_Large_Old_F", [2475.92, 13304.7, 14.0626], [0, 1, 0], [0, 0, 1], true],
["BloodPool_01_Large_Old_F", [2475.24, 13304.8, 13.9457], [0, 1, 0], [0, 0, 1], true],
["BloodPool_01_Large_Old_F", [2474.07, 13307, 13.6384], [0, 0.991228, -0.132164], [-0.0266571, 0.132117, 0.990876], true],
["BloodPool_01_Large_Old_F", [2476.56, 13306.1, 13.8819], [0, 0.991228, -0.132164], [-0.0638688, 0.131894, 0.989204], true],
["BloodPool_01_Large_Old_F", [2478.47, 13305.8, 14.0439], [0, 0.991228, -0.132164], [-0.0638688, 0.131894, 0.989204], true],
["BloodPool_01_Large_Old_F", [2474.15, 13305.2, 13.8444], [0, 0.99615, -0.0876609], [-0.0718139, 0.0874346, 0.993578], true],
["BloodSplatter_01_Large_Old_F", [2477.53, 13302.6, 15.6138], [0.921863, 0.387515, 9.97865e-008], [-0.387515, 0.921863, -1.50191e-007], true],
["BloodSplatter_01_Small_Old_F", [2475.9, 13301.8, 15.5423], [0.921863, 0.387516, 2.67725e-008], [-0.387516, 0.921863, -4.02959e-008], true],
["BloodSplatter_01_Medium_Old_F", [2479.25, 13303.3, 15.4512], [0.921863, 0.387516, 2.67725e-008], [-0.387516, 0.921863, -4.02959e-008], true],
["BloodPool_01_Large_Old_F", [2426.75, 13296, 12.925], [0, 1, 0], [0, 0, 1], true],
["BloodSplatter_01_Large_Old_F", [2424.28, 13291.8, 14.6386], [0.12484, -0.992177, 2.71062e-006], [0.992177, 0.12484, 9.42518e-009], true],
["BloodTrail_01_Old_F", [2428.86, 13288.6, 13.439], [0, 0.956118, -0.292982], [-0.0266571, 0.292878, 0.955778], true],
["BloodTrail_01_Old_F", [2428.2, 13288.5, 13.4451], [0, 0.956118, -0.292982], [-0.0266571, 0.292878, 0.955778], true],
["BloodTrail_01_Old_F", [2428.66, 13288.9, 13.3367], [0, 0.956118, -0.292982], [-0.0266571, 0.292878, 0.955778], true],
["Land_Mil_WallBig_4m_battered_F", [2473.48, 13430.1, 15.1499], [0.600282, -0.799788, 0], [0, 0, 1], true],
["Land_Mil_WallBig_4m_battered_F", [2476.68, 13432.5, 15.1499], [0.600282, -0.799788, 0], [0, 0, 1], true],
["Land_Mil_WallBig_4m_battered_F", [2479.84, 13434.9, 15.1499], [0.600282, -0.799788, 0], [0, 0, 1], true],
["Land_Mil_WallBig_4m_battered_F", [2483.05, 13437.3, 15.147], [0.600282, -0.799788, 0], [0, 0, 1], true],
["Land_Mil_WallBig_4m_battered_F", [2486.34, 13439.7, 15.1385], [0.600282, -0.799788, 0], [0, 0, 1], true],
["Land_Mil_WallBig_4m_battered_F", [2489.52, 13442.1, 15.1455], [0.600282, -0.799788, 0], [0, 0, 1], true],
["Land_Mil_WallBig_4m_battered_F", [2497.89, 13438.6, 15.1654], [-0.997571, -0.0696628, 0], [0, 0, 1], true],
["Land_Mil_WallBig_4m_battered_F", [2498.16, 13434.6, 15.0875], [-0.997571, -0.0696628, 0], [0, 0, 1], true],
["Land_Mil_WallBig_4m_battered_F", [2498.4, 13430.5, 14.9618], [-0.997571, -0.0696628, 0], [0, 0, 1], true],
["Land_Mil_WallBig_4m_battered_F", [2498.71, 13426.5, 14.8248], [-0.997571, -0.0696628, 0], [0, 0, 1], true],
["Land_Mil_WallBig_4m_battered_F", [2498.98, 13422.5, 14.7132], [-0.997571, -0.0696628, 0], [0, 0, 1], true],
["Land_Mil_WallBig_4m_battered_F", [2499.23, 13418.5, 14.6244], [-0.997571, -0.0696628, 0], [0, 0, 1], true],
["Land_Mil_WallBig_4m_battered_F", [2499.54, 13414.5, 14.5844], [-0.997571, -0.0696628, 0], [0, 0, 1], true],
["Land_Mil_WallBig_4m_battered_F", [2501.98, 13378.6, 14.7409], [-0.997571, -0.0696628, 0], [0, 0, 1], true],
["Land_Mil_WallBig_4m_battered_F", [2499.82, 13410.5, 14.5499], [-0.997571, -0.0696628, 0], [0, 0, 1], true],
["Land_Mil_WallBig_4m_battered_F", [2500.1, 13406.5, 14.5499], [-0.997571, -0.0696628, 0], [0, 0, 1], true],
["Land_Mil_WallBig_4m_battered_F", [2500.34, 13402.6, 14.5499], [-0.997571, -0.0696628, 0], [0, 0, 1], true],
["Land_Mil_WallBig_4m_battered_F", [2500.6, 13398.6, 14.5499], [-0.997571, -0.0696628, 0], [0, 0, 1], true],
["Land_Mil_WallBig_4m_battered_F", [2500.85, 13394.6, 14.5499], [-0.997571, -0.0696628, 0], [0, 0, 1], true],
["Land_Mil_WallBig_4m_battered_F", [2501.16, 13390.6, 14.5665], [-0.997571, -0.0696628, 0], [0, 0, 1], true],
["Land_Mil_WallBig_4m_battered_F", [2501.42, 13386.6, 14.6388], [-0.997571, -0.0696628, 0], [0, 0, 1], true],
["Land_Mil_WallBig_4m_battered_F", [2501.68, 13382.6, 14.7049], [-0.997571, -0.0696628, 0], [0, 0, 1], true],
["Land_Mil_WallBig_4m_battered_F", [2504.6, 13342.5, 17.5501], [-0.997571, -0.0696628, 0], [0, 0, 1], true],
["Land_Mil_WallBig_4m_battered_F", [2502.43, 13374.5, 15.0333], [-0.997571, -0.0696628, 0], [0, 0, 1], true],
["Land_Mil_WallBig_4m_battered_F", [2502.72, 13370.5, 15.5433], [-0.997571, -0.0696628, 0], [0, 0, 1], true],
["Land_Mil_WallBig_4m_battered_F", [2502.96, 13366.6, 15.7603], [-0.997571, -0.0696628, 0], [0, 0, 1], true],
["Land_Mil_WallBig_4m_battered_F", [2503.22, 13362.6, 15.9309], [-0.997571, -0.0696628, 0], [0, 0, 1], true],
["Land_Mil_WallBig_4m_battered_F", [2503.46, 13358.5, 16.3314], [-0.997571, -0.0696628, 0], [0, 0, 1], true],
["Land_Mil_WallBig_4m_battered_F", [2503.77, 13354.5, 16.5973], [-0.997571, -0.0696628, 0], [0, 0, 1], true],
["Land_Mil_WallBig_4m_battered_F", [2504.04, 13350.5, 16.8851], [-0.997571, -0.0696628, 0], [0, 0, 1], true],
["Land_Mil_WallBig_4m_battered_F", [2504.29, 13346.5, 17.235], [-0.997571, -0.0696628, 0], [0, 0, 1], true],
["Land_Mil_WallBig_4m_battered_F", [2504.7, 13338.5, 17.6604], [-0.999936, 0.0112755, 0], [0, 0, 1], true],
["Land_Mil_WallBig_4m_battered_F", [2504.65, 13334.5, 17.8179], [-0.999936, 0.0112755, 0], [0, 0, 1], true],
["Land_Mil_WallBig_4m_battered_F", [2504.58, 13330.6, 17.9415], [-0.999936, 0.0112755, 0], [0, 0, 1], true],
["Land_Mil_WallBig_4m_battered_F", [2504.52, 13326.6, 18.0777], [-0.999936, 0.0112755, 0], [0, 0, 1], true],
["Land_Mil_WallBig_4m_battered_F", [2498.59, 13319.6, 16.9603], [-0.348688, 0.937239, 0], [0, 0, 1], true],
["Land_Mil_WallBig_4m_battered_F", [2494.86, 13318.2, 16.2289], [-0.348688, 0.937239, 0], [0, 0, 1], true],
["Land_Wreck_Slammer_hull_F", [2446.23, 13293.9, 13.5863], [0.384515, -0.92302, 0.0135307], [-0.0159977, 0.00799242, 0.99984], true],
["Land_Wreck_Slammer_turret_F", [2444.14, 13298.6, 14.2668], [-0.930619, -0.0744564, -0.358336], [-0.348718, 0.477616, 0.806399], true],
["Land_Wreck_T72_hull_F", [2373.28, 13307.2, 13.8024], [0.827021, 0.56217, -0.00141083], [0.00532655, -0.00532647, 0.999972], true],
["Land_Wreck_T72_turret_F", [2367.17, 13303.1, 14.9394], [-0.740185, 0.189331, -0.645197], [-0.644955, 0.0714466, 0.760874], true],
["Land_Wreck_BMP2_F", [2399.17, 13316.2, 13.9509], [0.292269, 0.956232, -0.0140948], [0.0133313, 0.0106631, 0.999854], true],
["Land_Wreck_Ural_F", [2409.32, 13352.2, 14.6828], [0.778363, -0.625024, -0.0591299], [0.0266571, -0.0611962, 0.99777], true],
["Land_Wreck_Heli_Attack_02_F", [2458.17, 13301.8, 28.7844], [0.820508, 0.445278, 0.358461], [0, -0.62708, 0.778955], true],
["Land_MedicalTent_01_greenhex_closed_F", [2478.67, 13359.8, 14.8246], [0.966579, 0.25637, 0], [0, 0, 1], true],
["Land_Bodybag_01_black_F", [2465.94, 13346.3, 13.5856], [0.510655, -0.859786, 0], [0, 0, 1], true],
["Land_Bodybag_01_black_F", [2463.61, 13344.9, 13.5856], [0.510655, -0.859786, 0], [0, 0, 1], true],
["Land_Bodybag_01_black_F", [2467.35, 13343.9, 13.5856], [0.510655, -0.859786, 0], [0, 0, 1], true],
["Land_Bodybag_01_black_F", [2464.96, 13342.8, 13.5856], [0.510655, -0.859786, 0], [0, 0, 1], true],
["Land_Bodybag_01_black_F", [2468.47, 13344.7, 13.5856], [0.510655, -0.859786, 0], [0, 0, 1], true],
["Land_Bodybag_01_folded_black_F", [2461.91, 13345.7, 13.4653], [0, 1, 0], [0, 0, 1], true],
["Land_Bodybag_01_empty_black_F", [2463.89, 13342.3, 13.4718], [0.537745, -0.843104, -0.00223591], [0, -0.00265199, 0.999996], true],
["Land_Bodybag_01_empty_black_F", [2464.81, 13345.5, 13.5056], [0.537745, -0.843104, -0.00221662], [0, -0.0026291, 0.999997], true],
["Land_Bodybag_01_empty_black_F", [2466.27, 13343.3, 13.4725], [0.537745, -0.843107, 0], [0, 0, 1], true],
["Land_Bodybag_01_empty_black_F", [2467.23, 13347, 13.5386], [0.537745, -0.843104, -0.00221662], [0, -0.0026291, 0.999997], true],
["Land_Bodybag_01_black_F", [2462.61, 13344.2, 13.5856], [0.510655, -0.859786, 0], [0, 0, 1], true],
["BloodPool_01_Medium_Old_F", [2467.75, 13347.6, 13.455], [0, 1, 0], [0, 0, 1], true],
["BloodSplatter_01_Large_Old_F", [2463.03, 13341.6, 13.4525], [0, 0.999996, 0.00265199], [0, -0.00265199, 0.999996], true],
["BloodPool_01_Large_New_F", [2468.77, 13346.3, 13.455], [0, 1, 0], [0, 0, 1], true],
["BloodTrail_01_New_F", [2472.47, 13358.7, 13.455], [0.994087, 0.108583, 0], [0, 0, 1], true],
["BloodSplatter_01_Medium_New_F", [2474.1, 13358.5, 13.455], [0, 1, 0], [0, 0, 1], true],
["BloodTrail_01_New_F", [2472.42, 13358, 13.455], [-0.946071, -0.32396, 0], [0, 0, 1], true],
["O_T_Truck_03_medical_ghex_F", [2460.32, 13359.3, 15.8758], [0.95606, -0.293172, -0.000777771], [0, -0.00265294, 0.999996], true],
["O_T_Truck_03_device_ghex_F", [2464.34, 13375.8, 16.5466], [-0.470179, -0.875587, -0.110815], [0.00265294, -0.12696, 0.991904], true],
["Land_NetFence_01_m_8m_F", [2493.84, 13336.5, 14.2853], [0.978505, -0.206225, 0], [0, 0, 1], true],
["Land_NetFence_01_m_8m_F", [2490.9, 13341.4, 13.9133], [-0.25265, -0.967558, 0], [0, 0, 1], true],
["Land_NetFence_01_m_d_F", [2486.67, 13340.3, 13.6764], [0.984121, -0.1775, 0], [0, 0, 1], true],
["Land_NetFence_01_m_d_F", [2485.83, 13336.4, 13.6628], [-0.974162, 0.225849, 0], [0, 0, 1], true],
["Land_NetFence_01_m_8m_F", [2489.14, 13333.6, 13.8622], [-0.25265, -0.967558, 0], [0, 0, 1], true],
["BloodSplatter_01_Small_Old_F", [2487.85, 13337.8, 13.734], [0.0518571, -0.998619, 0.00836153], [-0.0585655, 0.00531736, 0.998269], true],
["BloodSplatter_01_Large_Old_F", [2489.51, 13337.8, 13.8311], [0.0518571, -0.998619, 0.00836153], [-0.0585655, 0.00531736, 0.998269], true],
["BloodPool_01_Medium_Old_F", [2490.89, 13334.8, 13.968], [0.0516676, -0.99865, 0.00537341], [-0.103442, 0, 0.994636], true],
["BloodPool_01_Large_Old_F", [2492.01, 13339.1, 14.017], [0.0517582, -0.998257, 0.0283742], [-0.0850241, 0.0239043, 0.996092], true],
["BloodTrail_01_Old_F", [2488.47, 13340.1, 13.7507], [-0.810877, -0.583755, -0.0413458], [-0.0585666, 0.0106513, 0.998227], true],
["Land_BagFence_01_round_green_F", [2483.11, 13345.7, 13.9229], [-0.898629, -0.438602, -0.0097011], [-0.0159977, 0.0106627, 0.999815], true],
["Land_BagFence_01_round_green_F", [2482.37, 13343.5, 13.9285], [-0.516475, 0.856232, -0.0109834], [-0.0080009, 0.00800064, 0.999936], true],
["Land_BagFence_01_round_green_F", [2481.21, 13334, 13.9061], [-0.335646, -0.941818, -0.0179275], [-0.0159977, -0.0133296, 0.999783], true],
["Land_BagFence_01_round_green_F", [2482.26, 13331.9, 13.8924], [-0.96792, 0.250965, -0.0121418], [-0.0159977, -0.0133296, 0.999783], true],
["Land_Device_disassembled_F", [2488.84, 13328.8, 14.3053], [-0.97545, 0.21184, -0.0601716], [-0.0638688, -0.0106475, 0.997901], true],
["Land_CampingTable_F", [2480.9, 13332.4, 13.8722], [0.932366, 0.36115, 0.0162833], [-0.0133317, -0.0106631, 0.999854], true],
["Land_Laptop_device_F", [2480.97, 13332, 14.4299], [-0.952828, -0.303511, 0], [0, 0, 1], true],
["Land_PortableGenerator_01_F", [2486.03, 13327.5, 13.9177], [0.868482, -0.495114, 0.0245069], [-0.0373063, -0.0159826, 0.999176], true],
["Land_SatelliteAntenna_01_F", [2483.86, 13323.7, 14.2937], [-0.241493, -0.969654, -0.0380974], [-0.0506016, -0.026623, 0.998364], true],
["Land_SatellitePhone_F", [2480.73, 13332.9, 14.4693], [0.993783, 0.110396, 0.014428], [-0.0133317, -0.0106631, 0.999854], true],
["Crater", [2373.07, 13306.1, 13.1694], [0, 0.999986, 0.00532655], [0.00532655, -0.00532647, 0.999972], true],
["Crater", [2446.09, 13294, 12.8653], [0, 0.999968, -0.00799344], [-0.0159977, 0.00799242, 0.99984], true],
["CraterLong", [2399.48, 13315, 13.1908], [0, 0.999772, -0.02133], [0.0213352, 0.0213252, 0.999545], true],
["Intel_File2_F", [2480.78, 13332.4, 14.2824], [0, 0.999943, 0.0106641], [-0.0133317, -0.0106631, 0.999854], true],
["Land_PortableLight_single_F", [2494.93, 13342.6, 15.3348], [0.607119, 0.794611, 0], [0, 0, 1], true],
["Land_PortableLight_single_F", [2492.63, 13331.1, 15.2229], [0.237487, -0.971391, 0], [0, 0, 1], true],
["Land_PortableLight_single_F", [2482.19, 13335.4, 14.6005], [-0.967233, -0.253891, 0], [0, 0, 1], true],
["Land_PortableLight_single_F", [2484.8, 13343.1, 13.9923], [-0.755883, -0.0103149, 0.654626], [0, -0.999876, -0.015755], true],
["BloodSplatter_01_Large_Old_F", [2482.02, 13344.7, 13.5039], [0.0519446, -0.998615, 0.0084057], [-0.0080009, 0.00800064, 0.999936], true],
["Land_Camping_Light_F", [2470.08, 13344.8, 13.5687], [0, 1, 0], [0, 0, 1], true],
["Land_Camping_Light_F", [2463.45, 13340.7, 13.5642], [0, 0.999996, 0.00265199], [0, -0.00265199, 0.999996], true],
["Land_Camping_Light_F", [2473.26, 13357, 13.5687], [0, 1, 0], [0, 0, 1], true],
["Land_DomeDebris_01_struts_small_green_F", [2459.42, 13393.8, 14.8037], [0, 0.987027, -0.160557], [0.0106641, 0.160547, 0.98697], true],
["Land_SCF_01_shredder_F", [2437.77, 13289, 15.1335], [-0.150911, 0.988547, 0], [0, 0, 1], true],
["Land_Wreck_BRDM2_F", [2404.91, 13294.9, 13.5067], [0.996727, -0.0701133, -0.0402418], [0.0399667, -0.00532229, 0.999187], true],
["CraterLong_small", [2404.81, 13294.6, 13.0069], [0.998964, 0.0219808, -0.0398407], [0.0399667, -0.00532229, 0.999187], true],
["Land_Barricade_01_4m_F", [2403.65, 13297.1, 13.0198], [0.997811, 0.0661307, 0], [0, 0, 1], true],
["Land_Cargo_House_V2_F", [2370.42, 13325.4, 14.1446], [-0.693435, -0.720519, 0], [0, 0, 1], true],
["Land_Cargo_House_V2_F", [2370.3, 13335.1, 14.14], [-0.651866, 0.758334, 0], [0, 0, 1], true],
["Land_Cargo_House_V2_F", [2380.2, 13324.1, 14.0618], [0.354935, -0.934891, 0], [0, 0, 1], true],
["Land_Cargo_House_V2_ruins_F", [2377.63, 13339.8, 14.0962], [0, 1, 0], [0, 0, 1], true],
["Land_Bunker_01_tall_F", [2495.35, 13444.1, 17.6636], [-0.208238, -0.978078, 0], [0, 0, 1], true],
["Land_Mil_WallBig_corner_battered_F", [2491.84, 13443.8, 15.1601], [0.678723, -0.734394, 0], [0, 0, 1], true],
["Land_Mil_WallBig_corner_battered_F", [2349.11, 13337.8, 15.1503], [0.88731, -0.461174, 0], [0, 0, 1], true],
["Land_Mil_WallBig_4m_battered_F", [2351.72, 13338.8, 15.1499], [0.600282, -0.799788, 0], [0, 0, 1], true],
["Land_BarGate_01_open_F", [2376.54, 13290.7, 17.156], [-0.758678, -0.651466, 0], [0, 0, 1], true],
["Land_Mil_WallBig_debris_F", [2421.56, 13292.2, 13.2293], [0, 0.999911, -0.0133272], [0, 0.0133272, 0.999911], true],
["Land_Mil_WallBig_4m_damaged_left_F", [2419.59, 13293.4, 14.6476], [0.197544, -0.980294, 0], [0, 0, 1], true],
["Land_Wreck_Hunter_F", [2421.67, 13292.4, 14.8192], [-0.34037, -0.940208, 0.0125314], [0, 0.0133272, 0.999911], true],
["Land_Mil_WallBig_4m_damaged_right_F", [2469.21, 13307.3, 15.1862], [-0.429996, 0.902831, 0], [0, 0, 1], true],
["Land_SandbagBarricade_01_hole_F", [2501.38, 13321, 17.1506], [0.626498, -0.779423, 0], [0, 0, 1], true],
["Land_SandbagBarricade_01_F", [2503.87, 13324, 17.6173], [-0.756622, 0.653853, 0], [0, 0, 1], true],
["Land_SandbagBarricade_01_half_F", [2502.6, 13322.4, 16.7753], [-0.82418, 0.566327, 0], [0, 0, 1], true],
["Land_Mil_WallBig_debris_F", [2498.84, 13322.4, 15.5198], [0, 0.999712, -0.0239912], [-0.230919, 0.0233428, 0.972693], true],
["Land_Mil_WallBig_debris_F", [2502.23, 13325.9, 16.2088], [0.772809, 0.613547, 0.162253], [-0.230919, 0.0337109, 0.972389], true],
["Land_DomeDebris_01_hex_damaged_green_F", [2438.04, 13368.9, 13.6326], [0, 0.999968, 0.00800059], [0.00265199, -0.00800056, 0.999964], true],
["Land_DomeDebris_01_hex_damaged_green_F", [2375.92, 13329.7, 13.4548], [0, 0.999996, -0.00265204], [0, 0.00265204, 0.999996], true],
["FlagPole_F", [2398.1, 13332, 16.879], [0, 1, 0], [0, 0, 1], true],
["Land_Turret_01_ruins_F", [2419.64, 13313.8, 14.7532], [0.113612, 0.993525, 0], [0, 0, 1], true],
["Land_BagFence_01_round_green_F", [2427.84, 13315.7, 12.9973], [-0.829205, -0.558905, -0.00667088], [-0.00265204, -0.00800056, 0.999964], true],
["Land_BagFence_01_round_green_F", [2426.71, 13308.4, 13.2636], [-0.539503, 0.841774, -0.0187698], [0.00265199, 0.0239911, 0.999709], true],
["Land_BagFence_01_round_green_F", [2413.35, 13311.2, 13.1155], [0.955117, 0.294254, -0.0341448], [0.0159975, 0.0638606, 0.997831], true],
["Land_BagFence_01_round_green_F", [2412.39, 13320.4, 13.036], [0.775125, -0.631801, -0.00283641], [0.00800059, 0.00532633, 0.999954], true],
["Land_TTowerBig_2_ruins_F", [2438.52, 13390.5, 18.4575], [0.516584, -0.856237, 0], [0, 0, 1], true],
["Land_Cargo40_china_color_V1_ruins_F", [2408.34, 13357.3, 14.1268], [0.774182, 0.632963, 0], [0, 0, 1], true],
["Land_Cargo20_military_ruins_F", [2406.11, 13354.3, 14.1171], [0.674053, 0.738683, 0], [0, 0, 1], true],
["Land_WoodenCrate_01_stack_x5_F", [2392.91, 13348, 14.4354], [0, 0.999911, 0.013327], [0, -0.013327, 0.999911], true],
["Land_WoodenCrate_01_stack_x3_F", [2393.81, 13350.2, 14.2232], [0, 0.997958, 0.0638687], [0, -0.0638687, 0.997958], true],
["Land_CratesWooden_F", [2395.03, 13348.7, 14.2218], [-0.113754, 0.993421, 0.0132405], [0, -0.013327, 0.999911], true],
["Land_HBarrier_01_line_5_green_F", [2388.71, 13347, 14.1905], [0.806266, 0.591553, 0], [0, 0, 1], true],
["Land_HBarrier_01_line_5_green_F", [2391.97, 13342.5, 14.1905], [0.806266, 0.591551, 0.00156879], [0, -0.00265199, 0.999996], true],
["Land_HBarrier_01_line_5_green_F", [2395.34, 13337.8, 14.1192], [0.806255, 0.591012, 0.0256444], [0.00532655, -0.0506009, 0.998705], true],
["Land_HBarrier_01_line_5_green_F", [2390.3, 13350.9, 14.2229], [0.611431, -0.791294, -0.00239708], [-0.0133317, -0.0133301, 0.999822], true],
["Land_HBarrier_01_big_tower_green_F", [2397.62, 13341.6, 15.7033], [-0.580369, 0.811077, 0.0729771], [0.02133, -0.0744426, 0.996997], true],
["Land_HBarrier_01_line_5_green_F", [2395.05, 13354.2, 14.5211], [0.611431, -0.791285, -0.00450704], [-0.0133317, -0.0159961, 0.999783], true],
["Land_HBarrier_01_line_5_green_F", [2399.59, 13357.7, 14.6208], [0.611484, -0.791243, -0.00470888], [-0.00265204, -0.00800056, 0.999964], true],
["Land_HBarrier_01_line_5_green_F", [2404.1, 13361.1, 14.8414], [0.611173, -0.790295, -0.043604], [-0.031983, -0.0797044, 0.996305], true],
["Land_HBarrier_01_line_5_green_F", [2408.34, 13361.5, 14.9941], [0.794174, 0.605608, 0.0502713], [-0.0266571, -0.0479275, 0.998495], true],
["Land_HBarrier_01_line_5_green_F", [2411.69, 13357, 14.5589], [0.794227, 0.606655, 0.0342498], [0.0239934, -0.0876353, 0.995864], true],
["Sign_F", [2402.09, 13338.8, 13.7866], [-0.63782, 0.770185, 0], [0, 0, 1], true]
];

{
    private _vehicle = (_x select 0) createVehicle (_x select 1);
    _vehicle allowDamage false;
    _vehicle setPosWorld (_x select 1);
    _vehicle setVectorDirAndUp [_x select 2, _x select 3];
    _vehicle enableSimulationGlobal (_x select 4);
    _vehicle setVariable ["ExileIsLocked", -1, true];
    
    if (_vehicle isKindOf "Exile_RussianRouletteChair") then
    {
        ExileRouletteChairs pushBack _vehicle;
        ExileRouletteChairPositions pushBack [_x select 1, getDir _vehicle];
    };
}
forEach _vehicles;

// 2 Simple Objects
private _invisibleSelections = ["zasleh", "zasleh2", "box_nato_grenades_sign_f", "box_nato_ammoord_sign_f", "box_nato_support_sign_f"];
private _simpleObjects = [
["a3\weapons_f\ammoboxes\ammobox_f.p3d", [2481.86, 13343.8, 13.7887], [0, 0.999968, -0.0080009], [-0.0080009, 0.00800064, 0.999936]],
["a3\supplies_f_heli\cargonets\cargonet_01_ammo_f.p3d", [2489.71, 13337.4, 14.6671], [0.977184, -0.204205, 0.0584074], [-0.0585572, 0.00531409, 0.99827]]
];

{
    private _simpleObject = createSimpleObject [_x select 0, _x select 1];
    _simpleObject setVectorDirAndUp [_x select 2, _x select 3];
    
    {
        if ((toLower _x) in _invisibleSelections) then 
        {
            _simpleObject hideSelection [_x, true];
        };
    }
    forEach (selectionNames _simpleObject);
}
forEach _simpleObjects;